QN 00029 
QU What is the pathology of the reproductive system (male or female) in
   CF?
NR 00044
RD   15 1012  100 0001  215 2122  274 2222  300 2212  322 2222  333 0101
    343 0001  350 0110  351 2122  352 2122  353 2220  370 1112  385 0001
    392 0001  434 0001  442 0001  477 1120  510 0001  553 0001  687 0010
    714 1002  722 1012  724 0102  729 0001  759 2212  763 1102  764 1000
    788 1000  822 0102  832 1222  837 0001  875 0001  937 0001  942 0101
    944 1102 1000 0001 1033 0100 1040 0101 1083 0002 1093 0100 1184 0100
   1192 1122 1234 0102