QN 00033 
QU What conditions or factors lead to erroneous sweat tests?
NR 00057
RD   37 0101   65 0001   91 2222   94 2220   96 0001  210 2220  225 0012
    297 0001  359 1011  370 1212  403 2212  404 0002  413 0002  465 2222
    515 0001  612 2222  637 2220  638 2220  663 0001  719 0001  721 2222
    731 0001  763 1001  764 0002  773 0001  793 0010  795 1000  797 2210
    811 2222  818 2220  822 0001  825 2222  846 0001  882 0001  888 1002
    889 0002  916 2222  920 2212  927 2121  978 2110  981 1000  995 1121
    996 2222 1000 0100 1023 0001 1052 2222 1072 0001 1098 0001 1105 2222
   1113 2222 1122 1112 1123 0112 1183 1122 1186 1222 1189 0011 1215 0010
   1234 1222