QN 00005
QU Is CF mucus abnormal?
NR 00131
RD   23 2220   47 2221   50 0001   60 0001  114 0011  132 0001  135 0001
    139 0010  151 2222  169 0001  189 0001  190 0001  197 0001  200 0001
    226 0001  256 2211  265 0010  297 0001  298 0001  299 0001  311 0001
    312 0001  325 1011  333 0001  343 0002  347 0012  349 0001  369 0001
    370 1211  371 0001  374 2222  386 1001  392 0001  410 0001  420 0001
    427 0001  428 0001  430 1001  434 0001  437 0001  439 2222  440 0010
    441 0001  450 0001  461 2120  465 1002  478 0001  496 2120  497 2121
    498 1122  499 2122  500 1012  501 0100  502 0100  503 2221  505 0001
    511 1101  513 0010  516 1010  520 1000  524 1010  531 0001  533 2211
    549 0001  553 1001  559 0001  561 0010  568 0001  590 0001  592 1001
    593 2222  604 0002  605 0100  633 2122  669 0010  701 0001  702 1000
    710 2212  711 0002  722 0001  724 0002  729 0001  731 0002  733 0002
    750 0100  761 0001  763 0001  772 0100  779 0001  788 0001  805 2211
    843 0002  845 0001  856 2121  857 1000  861 1212  864 0001  867 0101
    875 2222  876 0002  888 0002  889 0002  895 2210  925 0001  935 0001
    943 0001  944 0001  975 2112  980 2120  982 0002  990 0002 1000 0002
   1019 0001 1038 0001 1040 0001 1064 2220 1076 0001 1080 0001 1088 0001
   1091 0001 1092 0002 1093 0002 1098 0001 1144 2111 1156 0001 1175 1120
   1185 0001 1188 0001 1196 1000 1223 0001 1226 0001