QN 00014 
QU What non-invasive tests can be performed for the evaluation of exocrine
   pancreatic function in patients with CF?
NR 00055
RD    5 1100   89 0100   92 0001  131 2212  135 0001  150 2222  156 1000
    203 0010  232 0010  233 1122  234 1121  291 0001  297 0001  314 1000
    319 0010  344 2112  345 2210  356 0001  367 2210  370 1110  379 0001
    405 2112  413 0001  417 1211  419 0002  421 0001  424 0001  462 2212
    465 1102  492 1000  584 1001  602 1011  616 2120  635 2122  662 0100
    695 0010  719 0011  777 1012  791 2122  809 0010  815 2222  852 2222
    889 0001  899 2222  930 0002  941 1011 1000 0001 1008 2220 1013 0011
   1100 2222 1117 2220 1124 2122 1135 1002 1206 1000 1234 1001