QN 00015 
QU What are the hepatic complications or manifestations of CF?
NR 00104
RD   17 0001   59 2122   63 1000   72 0001   91 0001   95 0001   97 0001
     98 0001   99 2112  135 0001  149 1011  174 2220  197 1001  204 2222
    205 2212  226 0002  232 0100  238 0001  266 2222  297 0001  301 2122
    322 2122  339 2212  350 0001  354 0001  355 2112  364 1112  370 2111
    385 2222  398 0011  408 0100  410 1102  413 0100  414 0100  420 0001
    422 2222  423 2221  424 0010  426 0001  434 0001  443 2222  474 1120
    545 1212  549 2112  550 0001  601 2122  603 0011  611 0001  642 1010
    643 0001  657 0001  673 0001  690 2121  700 2212  720 2222  722 1122
    724 0001  725 1010  729 0001  731 0001  735 0001  747 1010  752 2212
    763 1102  764 1001  767 0001  792 0010  794 1000  816 0001  822 0002
    833 0001  837 0001  844 0002  853 1000  854 1101  857 1000  863 1001
    870 2222  875 0001  888 0001  889 0001  900 1001  944 1002  990 0002
    993 1000  994 1221 1000 1002 1013 1001 1016 1001 1027 0010 1033 0001
   1040 0002 1093 0001 1098 0002 1115 0002 1162 0012 1184 2222 1187 0001
   1192 2222 1195 0001 1226 0002 1232 0001 1234 0001 1235 2220