QN 00016 
QU What are the gastrointestinal complications of CF after the neonatal
   period (exclude liver disease and meconium ileus)?
NR 00180
RD    5 0001   10 0001   17 0001   36 0010   41 0110   46 1111   69 0002
     72 0001   89 2222   92 0010   95 2222   97 1000   98 1000  126 0001
    129 2120  130 0001  132 0001  134 1000  135 0012  148 0001  150 1000
    168 0001  181 1011  182 2222  186 2122  189 0001  197 1000  202 1000
    205 0001  212 0001  225 0001  226 0002  238 0011  240 2210  255 0001
    288 0001  290 0001  292 0001  297 0001  298 1001  301 2222  314 2120
    320 0001  322 1122  330 0001  331 0001  333 1001  350 0011  357 0001
    359 0012  364 2112  370 2112  376 2220  386 0001  396 2222  398 1010
    413 0001  421 1000  424 1012  428 1002  434 0010  443 2222  462 0010
    466 1222  468 2121  472 0010  473 0001  475 2122  478 0011  489 0001
    490 0001  510 0001  512 0010  518 1011  522 2110  550 0012  553 0001
    559 0001  581 0001  582 1010  586 0001  594 2220  615 0001  616 0001
    641 1012  642 1102  643 0011  649 2122  656 0001  657 1001  658 1001
    659 2122  660 1001  662 1001  673 0001  676 0002  708 1000  709 1000
    711 0001  715 0001  719 1001  722 1122  723 0001  724 0001  725 0001
    727 1222  729 0001  730 0001  731 0002  735 0001  755 1011  756 1111
    758 0001  762 0010  763 1102  764 0002  767 0001  770 1100  772 2122
    783 1000  791 1001  797 0001  799 2222  809 1000  810 0001  816 0011
    822 0002  834 2222  835 0001  837 0001  844 0002  867 0010  870 0001
    872 2210  875 0001  882 0002  888 0002  889 0002  893 0001  896 1000
    901 2210  902 1010  919 0001  928 1000  932 0001  935 1111  937 1001
    938 0001  941 0001  943 0011  944 1001  970 0010  974 0010  984 1010
    990 0001  991 1000  993 1122  994 0010 1000 1002 1002 1010 1016 1011
   1017 2211 1023 0002 1033 0001 1037 0001 1051 1000 1066 0001 1076 0001
   1080 0002 1098 0002 1101 0002 1115 0002 1135 0001 1154 1012 1158 0001
   1189 0001 1192 1111 1226 1220 1232 0001 1234 1001