QN 00017 
QU What is the most effective regimen for the use of pancreatic enzyme
   supplements in the treatment of CF patients?
NR 00055
RD   49 2122   89 2120  101 0010  128 0001  132 0001  135 0001  153 0002
    189 0001  233 0010  238 0001  297 0001  298 0001  301 0002  330 0001
    333 0001  357 1111  359 1102  370 0111  428 1002  443 1100  450 0010
    506 0010  643 0011  660 0010  662 2120  688 2221  722 0001  729 0001
    730 0011  731 0002  735 0002  791 1122  810 2112  816 0012  837 0001
    839 0001  845 0001  882 0002  889 0002  897 1000  937 0001  938 0001
    941 1001  944 1001 1000 0001 1023 0001 1040 0001 1069 0001 1080 0001
   1088 0002 1101 2221 1103 1120 1115 0001 1187 0001 1234 0001