QN 00020 
QU What is the effect of treatment of CF patients with essential fatty
   acid supplements?
NR 00046
RD  126 2112  133 0002  153 0002  181 0010  207 2122  208 2122  220 2221
    278 2111  283 1100  286 2111  287 2111  288 1100  290 2111  292 2111
    370 0110  443 0010  538 2122  539 2111  540 2222  544 2111  604 0100
    643 0001  711 1210  715 1011  731 0001  758 2222  767 0100  791 0001
    823 2222  824 1001  882 0002  919 1000  924 2222  928 1000  944 0001
    962 2222  970 1001 1066 2222 1080 0010 1115 2222 1168 2222 1189 0001
   1213 2222 1215 2222 1234 1001 1239 1120