QN 00022 
QU What is the frequency of CF in non-Caucasian populations?
NR 00070
RD   13 2222   39 0012   67 0001   69 0001  104 0001  130 2222  189 0001
    197 0001  221 0001  226 0001  237 0101  247 0010  258 2221  262 2112
    276 2222  322 0001  325 0001  333 0001  342 0110  343 0101  350 0100
    365 0001  370 1012  392 0001  431 1121  464 0001  465 0001  473 1121
    478 1121  503 1101  510 0101  512 0110  514 1001  586 0001  590 0011
    654 0101  671 1101  682 0001  692 2222  704 2111  713 0001  729 0001
    731 0002  735 0001  764 1212  774 0101  788 1011  843 0102  845 0002
    871 1001  880 1012  881 0102  882 0002  888 0002  898 2212  908 1111
    942 0001  946 0001  968 0100 1000 0002 1033 0001 1040 0001 1083 1122
   1093 0001 1114 1002 1144 0100 1156 1111 1166 0110 1194 1121 1195 0001