QN 00025 
QU What evidence is there that the genetic basis for CF involves more than
   one gene?
NR 00051
RD   72 2112   74 2110   83 0111   84 0011  106 1012  112 0001  120 0102
    141 0001  162 1001  172 0001  198 1012  221 0001  276 0001  370 1010
    390 0010  392 0001  411 2111  415 1000  425 0001  431 2222  432 0002
    464 0010  465 1102  503 1121  505 0001  530 0001  550 0001  559 0001
    566 1000  568 1000  569 1011  622 0001  647 2122  855 0001  858 2111
    875 0001  880 0002  881 1002  891 0001  913 2222  915 0001  926 2121
    949 0001  977 1000 1027 0001 1031 1000 1083 0001 1156 0110 1194 1121
   1195 1112 1210 0001