QN 00028 
QU What is the incidence of male fertility in CF?
NR 00051
RD  134 0001  135 0102  136 0001  215 1112  274 1000  300 0002  322 0002
    331 0001  333 0001  343 0001  351 2112  352 2112  370 1112  392 0001
    398 0001  465 0001  467 0001  477 2121  510 0001  550 0001  559 0001
    586 0001  611 0001  665 0001  722 1012  724 0102  729 0001  735 0001
    759 2111  763 0102  822 1212  832 0001  837 0001  875 0001  882 0002
    913 0001  937 0001  942 0101  944 0001  969 0001  990 0002 1000 1102
   1033 0102 1040 0102 1083 1112 1093 0102 1187 0001 1192 0102 1222 0001
   1226 0001 1234 0102