QN 00003
QU How are salivary glycoproteins from CF patients different from those of
   normal subjects?
NR 00043
RD   23 1000   40 0010  139 2122  190 0001  221 0001  246 0001  309 1000
    311 0011  325 0001  345 0010  347 0010  356 0010  370 1001  374 0001
    375 2221  439 0001  440 1120  454 1220  515 1000  520 0010  524 0010
    526 1010  527 1220  533 0001  535 0010  560 0010  561 0001  571 0010
    584 0010  604 0002  623 0010  633 2222  733 1000  742 1010  854 0100
    856 2112  950 0010  967 0001 1144 1111 1161 0001 1172 1000 1175 0001
   1196 0002
