QN 00031 
QU What are the major psychological or social effects of CF on patients
   and their families?
NR 00058
RD   43 2222   69 0001  127 1112  128 1000  136 1101  145 0002  168 0101
    189 1112  213 0001  226 1122  239 2222  272 0100  330 1111  331 1001
    332 2222  359 0100  370 1111  389 1000  433 2222  448 2122  467 2222
    512 0100  550 0001  551 0101  557 2222  586 2222  620 1001  628 0111
    651 2221  701 1100  722 1001  724 1000  729 0101  735 0100  760 2222
    762 1000  764 1000  839 1212  845 2222  882 1112  937 0101  938 1212
    940 0101  942 1012  944 0001  999 2222 1000 0101 1020 2122 1022 1222
   1036 2112 1040 1102 1084 2222 1093 0002 1187 0101 1224 1120 1232 0001
   1233 2222 1234 0102