QN 00037 
QU What techniques are available for screening of newborn infants for CF,
   and what factors contribute to erroneous results of these tests?
NR 00098
RD    3 2112    4 1000   28 2120   33 2222   35 2122   38 2222   65 1001
     71 1111   76 1002  116 0001  119 0001  120 1222  131 2222  148 0001
    150 0001  158 2222  175 2222  203 2122  220 0001  225 2222  231 0012
    233 0010  234 2222  238 0011  247 2112  280 1212  291 0001  294 1000
    318 2222  319 2111  333 1012  334 1001  342 0001  345 0001  370 0012
    378 2122  379 2222  380 2222  392 0001  403 0001  428 1001  433 1000
    443 0001  465 2222  470 2121  476 1122  482 2222  483 2222  491 2222
    492 2222  510 0001  512 0001  514 0001  596 0001  600 2222  627 1112
    671 0001  697 2222  711 0010  712 2122  717 2222  721 1000  731 0002
    774 1011  776 0001  815 2222  817 2122  818 0001  831 2221  835 2122
    849 2222  866 1012  871 0012  877 2222  888 0001  930 2122  933 1111
    941 1000  942 1211  944 0100  946 2222  991 2212 1008 2222 1011 1011
   1014 2222 1028 2222 1080 0001 1126 2222 1128 1222 1130 0001 1131 1122
   1133 2222 1135 0111 1174 1222 1176 2222 1178 2122 1182 1222 1234 1212