QN 00038 
QU Can CF be diagnosed prenatally?
NR 00053
RD   14 2122   76 0001  117 1010  142 0001  252 0100  360 2212  370 0001
    390 2222  392 0001  444 0001  465 1212  503 0001  505 0010  510 0001
    572 0010  573 0010  621 0001  622 0002  627 0001  634 2112  644 1121
    646 1001  666 1010  702 0002  729 0001  776 0001  786 1000  856 0001
    862 0001  866 0100  873 1002  881 1000  882 0002  888 0001  971 1122
    990 0002 1001 1000 1024 1001 1027 1000 1029 1000 1059 1000 1066 0001
   1068 1222 1072 0001 1075 1000 1130 1222 1136 1222 1140 1122 1146 0011
   1148 0011 1160 0011 1230 1000 1234 1210