QN 00039 
QU How may heterozygotes for CF be identified?
NR 00162
RD    3 1000   67 0001   74 0001   76 0001   83 2121   84 0001   85 2122
    102 1000  107 0001  108 0002  112 0011  135 0001  143 1000  216 2122
    217 2122  218 2122  219 2122  221 2122  222 2121  225 2222  226 0001
    230 1002  233 0010  235 2122  236 2122  244 0010  248 0010  249 2112
    252 1011  254 1010  263 1011  276 0001  277 2122  289 2112  293 2112
    297 0001  301 0001  304 1122  306 0001  307 1001  308 0002  338 2122
    342 0002  343 0002  356 1101  360 0010  365 0001  366 1000  370 0001
    392 0001  404 0002  407 2122  412 2110  420 2112  433 1002  453 1000
    465 0002  470 2121  488 0011  490 0001  494 0002  503 0001  505 0012
    508 0101  510 1001  529 0012  530 0001  532 0001  534 0011  535 0001
    553 1012  560 2122  563 0002  564 1001  565 0001  566 0001  567 1001
    568 0001  569 0001  570 0011  571 0011  572 0001  573 1011  576 1000
    584 1122  586 0001  608 0011  610 0001  619 2121  621 0001  622 0002
    627 0001  639 2221  645 2111  646 1001  647 0010  652 0001  654 2121
    702 0002  716 0111  729 0001  738 0002  739 0002  740 0002  744 0001
    746 0002  749 0001  776 0001  777 0011  786 0011  845 0001  849 0001
    851 2121  862 0001  869 1002  873 1122  881 1001  882 0002  888 0001
    889 0001  892 0001  902 0001  918 0002  942 0001  944 0001  949 1002
    966 0012  971 2122  990 0002 1001 1001 1026 0001 1027 1001 1029 1001
   1044 0001 1066 0001 1070 0001 1072 0001 1076 0001 1096 0100 1127 1011
   1135 0001 1136 1000 1137 1221 1139 1222 1140 0010 1141 1122 1146 0011
   1148 0011 1160 0010 1161 0001 1185 0001 1194 0001 1209 0001 1210 0001
   1211 1002 1222 0001 1224 0001 1225 1112 1230 1002 1234 1211 1236 0001  
   1238 0002