QN 00040 
QU Other than the sweat test, what techniques may be useful (beyond the
   neonatal period) for the diagnosis of CF?
NR 00146
RD    2 0100    3 2122    4 2122    5 0100    9 0001   10 0001   17 0001
     28 2212   32 0001   35 0100   76 0001   77 1122   95 2110  103 0010
    105 0010  108 0010  109 1010  112 0010  115 0010  116 1122  119 1001
    120 0001  132 0001  142 0001  144 0001  150 0102  151 0002  169 1000
    173 0001  189 0001  198 0010  210 0001  225 2122  231 2122  233 2222
    235 0010  236 0010  240 2110  248 1000  249 0010  252 1002  254 1122
    261 0010  263 0001  277 1122  279 0010  289 0010  291 0001  293 0011
    294 1011  297 0001  298 0001  304 0010  308 0010  333 0001  338 0001
    344 0011  345 0001  351 1000  352 1000  370 1001  392 0001  404 2122
    405 2122  407 0010  413 0001  417 0102  420 0012  434 0001  465 2222
    478 0001  479 2111  508 0002  510 0010  515 0001  526 0010  529 0010
    532 0010  535 0001  553 0010  560 1010  571 0010  572 0010  573 1010
    576 1000  583 0001  613 0001  616 0001  619 0010  645 0010  646 0010
    654 0010  673 0001  677 0001  731 0001  735 0001  763 0001  780 0010
    785 2122  786 2122  815 1221  849 0100  851 0001  852 0001  869 1000
    882 0001  888 0100  899 1210  931 0010  941 1111  942 0001  949 1000
    954 0101  956 0100  959 0100 1000 0001 1008 1222 1024 1000 1027 0001
   1029 0001 1052 0011 1080 0101 1100 1212 1105 0002 1109 0010 1117 1212
   1124 2210 1126 0010 1127 0012 1128 0010 1130 0001 1131 0002 1132 0001
   1133 0011 1135 1122 1137 1121 1139 1220 1141 1120 1146 0010 1148 0010
   1160 0011 1161 0010 1192 0001 1193 1121 1230 1120 1234 2222