QN 00042 
QU What abnormalities of insulin secretion or insulin metabolism occur in
   CF patients?
NR 00047
RD    5 0001   46 0100   57 2222   92 2212  135 0001  209 2222  245 1011
    297 0001  301 1112  314 0100  317 2222  322 0001  337 1212  339 0100
    370 0011  416 2212  434 0001  443 2220  489 0001  505 2221  509 1000
    550 0001  585 2222  586 0001  601 0001  695 2222  719 0001  722 0002
    724 0001  731 0001  763 0001  764 0001  770 0001  822 0001  837 0001
    888 0001  931 1011  944 0001 1000 0001 1033 0001 1040 0001 1085 1011
   1093 0001 1187 0001 1192 0001 1232 0001 1234 1001