QN 00043 
QU Is salt (sodium and/or chloride) transport/permeability abnormal in CF?
NR 00098
RD    3 0100    4 0100   28 0100   54 1121   65 0100   66 2221   91 0100
     94 0100  119 0012  124 1212  125 2222  135 0001  137 0002  140 2222
    147 0010  172 2222  173 1220  199 0001  221 0001  261 1100  294 0100
    301 0001  302 1100  303 2120  307 0001  308 0100  311 0100  324 0100
    334 0100  361 0100  370 1112  386 1000  392 0011  404 0100  418 2212
    430 0001  440 2222  441 2222  461 1210  471 0001  484 0110  490 0001
    493 0001  504 2222  505 0001  522 0101  526 1100  527 0100  560 0100
    562 0100  563 0001  568 2222  570 0001  571 0001  575 0001  636 1000
    655 0010  693 0001  694 0100  707 0001  714 1100  733 0001  737 0001
    741 0001  758 0001  793 0100  795 0100  817 0100  818 0100  864 0001
    889 0001  891 0011  913 0100  916 0100  918 1011  921 1102  944 0001
    958 1002  960 2222  966 1001  967 1001  975 0002  982 0001  997 0010
   1000 0002 1080 0001 1093 0001 1094 0001 1121 0001 1156 0001 1167 0011
   1172 0011 1184 0010 1185 0001 1199 1002 1200 2211 1209 0001 1216 0010