QN 00044 
QU What structural or enzymatic differences are there between fibroblasts
   from CF patients and non-CF patients?
NR 00140
RD   44 2222   45 1000   53 2222   67 1211   72 2112   74 2222   83 1001
     84 1112  106 1001  108 1000  118 1000  121 1000  122 0011  124 2222
    125 0100  135 0001  138 0002  142 0010  143 2212  154 2212  166 1000
    171 2212  172 1000  190 2222  235 2210  236 2211  242 2210  243 2210
    244 2220  257 1001  264 2110  269 2212  276 0001  297 0001  310 0100
    312 2222  325 1111  336 2111  360 1001  370 1000  371 0001  381 0001
    386 2212  390 2212  392 0001  399 1211  409 0001  411 2222  415 2120
    430 1001  435 0001  436 2220  453 2222  465 0001  493 0101  495 2222
    503 0001  504 2222  523 1001  528 2212  538 0001  548 2222  561 2212
    563 0001  566 2222  567 2222  568 2222  569 2220  570 1120  572 1210
    574 2222  575 2222  576 0010  590 0001  608 0001  621 2222  622 2222
    623 2222  624 2212  625 2222  634 2222  636 2222  645 0101  647 1212
    655 2222  666 1211  691 2222  702 2222  737 2222  743 2222  747 0001
    750 2222  765 2222  766 2222  767 0001  786 2222  840 2222  841 1101
    847 2222  850 2222  856 0001  858 2121  862 0001  873 2222  875 0001
    951 2222  953 2222  961 1000  967 2222  971 1221  973 2222 1024 2222
   1029 2222 1030 2222 1053 2222 1054 0001 1055 2222 1057 1012 1059 2222
   1070 0001 1072 1212 1130 0002 1136 0001 1139 0001 1142 1002 1144 0001
   1146 1220 1148 1222 1156 1221 1157 0001 1160 2122 1185 2221 1196 0001
   1201 2222 1202 2222 1210 0001 1212 0001 1222 2222 1230 2211 1231 1101