QN 00047 
QU What differences between normal subjects and CF patients have been
   described in the function or metabolism of hormones?
NR 00060
RD   15 0002   57 1000   92 2220  118 0010  121 0010  125 0001  163 2222
    165 0002  172 0012  183 0010  208 0001  209 2220  245 1000  259 0010
    278 0010  279 0010  283 0010  286 0010  287 0010  295 2211  296 0100
    301 1210  302 0100  317 2220  337 1000  361 1000  370 1000  406 2212
    416 1000  436 0001  505 2221  508 2210  525 0010  585 2220  613 2210
    684 2222  694 2212  695 2210  707 0110  781 0001  862 0010  868 0010
    906 2221  928 0010  931 1000  971 0100  998 1010 1000 1001 1013 1000
   1058 2220 1075 0010 1106 1000 1107 1000 1108 1000 1129 0010 1132 0010
   1165 2222 1192 1000 1194 0010 1206 0010