QN 00051 
QU What circulating or secreted "factors" have been described in CF
   patients? ("Factors" are unidentified biologically active molecules
   thought to play some pathogenetic role in cystic fibrosis).
NR 00241
RD    1 0100   11 0100   14 0100   18 1120   19 1210   26 2221   44 1120
     51 0100   55 0100   62 0100   63 0100   66 0001   67 1112   72 1112
     83 0001   84 1112   85 2222  102 1100  107 1102  108 0001  112 2212
    114 2211  122 2222  124 0002  135 0001  137 2221  141 2222  142 2212
    177 0001  190 0001  191 2121  196 0011  200 0001  201 2222  214 2222
    216 0100  217 0100  218 0100  219 0100  221 0100  222 0100  225 2222
    230 0001  235 2212  236 2211  245 0100  249 2222  252 0100  254 2111
    263 0100  264 1100  270 2212  276 0001  277 2210  279 0012  281 0011
    289 0100  297 1001  302 2212  303 2212  304 2221  305 2212  306 2222
    307 0102  308 2111  311 0001  322 0001  325 1211  333 1101  337 1001
    343 0001  345 0100  355 0100  360 1002  365 1212  366 1211  370 1112
    382 0001  383 1012  386 1222  391 0011  392 1122  400 2112  402 0001
    407 2221  415 1101  417 0002  418 1211  419 2111  430 1011  435 0001
    437 0001  440 0001  442 2122  444 2222  445 2222  465 1222  481 2222
    484 2211  488 0001  490 2222  493 0101  494 2122  495 0001  498 1122
    501 2221  502 0001  503 0011  504 2222  505 0001  510 0001  511 1011
    517 0011  521 1210  526 0001  528 2211  529 2211  530 2211  531 2211
    532 2221  534 2211  535 2222  548 0001  553 2211  560 2222  562 0102
    563 2211  564 2222  565 2222  566 2221  568 1222  569 2222  570 1222
    571 1000  572 2222  573 2222  574 2222  575 2222  576 0001  589 0010
    590 0101  605 1122  608 1222  625 0001  627 0001  636 1002  639 1100
    643 0001  646 2222  675 1100  681 2112  685 2222  707 1000  726 2222
    733 0001  737 0010  738 2222  739 2222  740 2222  741 2222  744 2222
    745 0001  746 2222  747 0001  748 2222  749 2222  779 1001  789 2210
    790 0100  793 0001  827 2222  828 0100  829 2211  847 0001  852 0100
    856 0101  857 0100  858 0001  861 0001  864 1211  865 0002  866 0001
    868 1000  869 2112  875 0001  881 0001  889 0001  891 1001  892 2212
    905 0001  918 2222  921 2222  925 1001  926 1000  933 0001  936 0100
    949 2222  950 2222  954 1220  956 1001  957 2222  958 2211  966 2221
    990 0001  991 0001 1001 0001 1024 1210 1026 2222 1027 0100 1044 1221
   1057 0100 1065 0001 1070 1100 1074 0102 1076 2222 1079 0001 1091 0002
   1120 1112 1127 0100 1135 0100 1137 0100 1139 0100 1141 0100 1156 1221
   1167 1222 1196 1211 1198 0001 1199 1000 1200 2221 1202 0010 1203 2122
   1204 2221 1207 2122 1208 2222 1209 2222 1210 1121 1211 1222 1212 2122
   1234 0002 1236 1222 1238 1220