QN 00054 
QU What is the relationship of allergy or hypersensitivity to lung disease
   in CF patients?
NR 00062
RD   11 2222   23 0100   55 1010  187 1011  206 0100  211 2222  223 1122
    228 2222  229 2222  333 0011  341 0012  347 0012  358 2222  369 2121
    382 2222  394 2120  401 2111  402 2122  432 2222  485 2121  488 2120
    505 0011  513 1002  547 0001  550 0001  552 0101  577 2110  590 0011
    607 0100  613 1000  626 0101  631 2212  632 1122  716 1101  767 1001
    771 0100  790 0001  793 0001  806 0001  812 2122  819 2222  860 0002
    904 2212  905 0100  917 2210  941 1001  964 2222  990 1001 1003 0002
   1005 2221 1007 2122 1013 1001 1048 2122 1060 2222 1099 0100 1134 2112
   1163 2212 1164 0112 1169 1222 1171 0100 1192 0001 1237 0100