QN 00057 
QU What is the pathophysiologic role of circulating antibodies to
   Pseudomonas aeruginosa in CF patients?
NR 00051
RD    1 1222    6 0001    8 0100   11 0001   62 0010   79 0100   80 0010
     81 0010  160 1001  177 0100  178 1110  188 1010  200 0100  223 2211
    228 1000  282 0012  346 2120  369 1000  370 1110  394 1220  397 0100
    415 1000  432 2120  447 0100  513 1000  577 0010  588 2220  590 2222
    668 0010  778 1210  784 1000  790 2220  812 0101  833 1000  860 1120
    865 2110  890 0101  905 1210  983 1220  986 1120  987 1121  988 2220
    989 1010 1086 0100 1090 0100 1091 0011 1095 2110 1170 0002 1171 0002
   1173 1120 1203 1100