QN 00058 
QU What is the immunologic response to pulmonary infection in CF patients?
NR 00095
RD    1 2222    6 2222    7 2222   43 0100   48 1010   55 2210   60 0100
     62 2112   63 2110   80 2212   81 0002   82 2210  102 0001  111 0010
    160 2222  164 0001  178 2122  179 2110  187 2120  188 2121  200 1002
    223 2221  228 2120  229 1220  271 2210  282 1001  335 1001  346 2122
    347 2121  366 0010  369 2220  370 1100  384 1000  392 0010  394 2211
    397 0100  402 0001  415 1001  427 0001  429 0100  432 2122  447 2122
    457 0001  463 0010  485 0001  505 1120  511 0100  513 0111  517 0010
    550 0001  577 2122  588 2122  589 2110  590 2222  591 2222  609 0010
    614 2121  631 2120  668 1021  748 0010  749 0010  769 1121  778 2212
    784 1002  790 2222  805 0001  812 2212  820 0001  860 2222  865 2122
    874 1112  890 2122  903 0110  905 2220  912 0001  917 2211  964 0100
    983 2222  986 2222  987 2222  988 2222  989 2222  990 0001 1005 0001
   1025 1100 1077 2220 1086 0100 1090 0100 1091 0011 1134 0002 1170 2221
   1171 1122 1173 2222 1228 1000 1234 0001