QN 00059 
QU What immunologic abnormalities have been found in CF patients?
NR 00145
RD    1 0002    6 0001   11 0001   18 0101   45 0010   48 0112   55 2222
     62 0002   63 0002   67 0001   79 1000   80 0002   81 1002   84 1012
    102 2111  107 1012  110 0001  111 0100  122 1100  160 0101  164 0001
    166 0110  177 0001  179 0001  187 0002  188 0001  191 1102  200 0001
    214 2111  223 2222  228 1112  229 1222  245 0010  275 1011  279 2111
    281 0001  284 2112  306 0001  333 0001  335 0111  346 0101  347 1002
    365 2111  366 2111  369 0001  370 1011  382 0001  386 1001  392 0011
    394 2212  397 2121  401 2122  402 2222  415 0002  425 0010  427 0001
    430 0001  432 2122  442 0001  444 0001  447 0002  452 0001  465 0001
    485 1001  504 0001  505 1122  509 2112  513 1112  521 0002  524 0001
    530 0002  565 1121  572 1011  574 1011  577 2222  588 0112  590 1012
    591 0002  607 0001  608 1220  609 0100  614 0002  631 0101  668 2222
    670 1122  678 0001  679 0001  685 0010  689 2111  738 0001  748 0001
    767 2212  769 0001  778 0101  784 2122  790 2120  812 2222  820 0001
    827 1001  828 0001  833 2121  860 0102  865 2122  869 0100  874 0102
    882 0001  903 1111  905 2221  912 0001  917 0101  936 2112  937 0001
    964 0100  977 0010  983 0102  986 0102  987 0002  988 0102  989 2222
    990 0001 1005 0001 1007 0001 1025 2121 1044 1100 1056 0010 1060 0012
   1071 0001 1074 2122 1075 0001 1077 2222 1091 0011 1095 1122 1097 0001
   1102 2121 1134 0002 1143 0010 1163 1121 1170 0001 1171 1112 1172 0012  
   1173 1210 1203 1000 1205 1111 1228 0002 1232 0001