QN 00061 
QU Is there a defect in mucociliary transport (clearance) in the
   respiratory tract of CF patients?
NR 00070
RD   10 1010   56 0001   62 0100   63 0100  114 0100  132 0001  187 0001
    195 2222  196 2222  197 0100  200 0002  226 0001  298 0001  347 0001
    358 0100  370 1012  383 2222  427 0001  432 1002  434 0001  437 2222
    439 0100  465 0112  481 1101  490 1120  498 0102  500 0100  501 2222
    502 2222  505 2222  511 1001  517 0001  531 2121  532 0010  535 0010
    565 0010  570 1001  590 1001  605 2222  668 0001  685 2222  726 0010
    735 0001  738 0010  739 0010  741 0010  754 2212  763 0001  767 0001
    827 0100  847 0010  864 0001  865 0001  875 0100  882 0002  912 0001
    944 0001  969 2122  980 0100  990 0002 1040 0001 1079 1122 1092 0002
   1093 0002 1098 0001 1188 0001 1207 0010 1208 0010 1234 0001 1236 0001