QN 00062 
QU What are the clinical features of lung disease in CF patients?
NR 00144
RD   10 0001   17 2211   24 0001   43 0100   56 1010   60 0010   62 0100
     63 1101   64 1220   69 1000   72 0001   88 0010   94 0001  110 0100
    144 1001  148 2222  155 2111  160 0001  182 0100  192 2210  193 2211
    194 2210  197 1110  200 1001  211 0100  224 0100  226 1112  237 0001
    238 0011  244 1000  267 0002  297 1001  321 1000  322 0001  330 1000
    331 1011  333 1001  340 1000  348 1002  349 1000  354 1001  358 1000
    359 0012  370 2212  372 1000  382 1001  383 1000  427 1000  429 1000
    434 0001  437 2220  438 2221  446 1000  458 0100  459 0100  460 0100
    465 0100  472 1000  473 1210  479 0100  486 0010  505 0100  537 1000
    539 0100  550 2112  551 0001  558 1010  559 0001  580 0001  586 0001
    590 0010  607 2220  643 0001  663 1010  677 0010  698 1101  703 1100
    704 0001  722 1122  724 1002  729 0001  731 0001  734 1000  735 0001
    736 1120  761 1001  763 1102  764 1001  767 0001  768 1011  783 0010
    787 1000  803 0111  804 0100  806 2122  819 1000  821 0001  822 0002
    837 1120  842 2221  843 0001  844 0002  845 0002  870 0001  879 1000
    880 0001  882 1002  885 1000  886 1000  888 1002  889 0002  904 1101
    907 2110  912 1000  913 1000  914 0100  920 0001  937 1000  941 1011
    944 1000  945 0001  964 1000  969 0100  990 1002 1000 1002 1022 0001
   1023 1002 1032 1000 1033 0001 1038 1000 1039 1000 1040 0002 1042 0001
   1071 1000 1073 2122 1080 0002 1093 0001 1104 0001 1151 1121 1192 0001
   1195 1000 1214 1210 1232 0001 1234 0101