QN 00064 
QU How does lung function change with time in CF patients? (time periods
   greater than a day)
NR 00050
RD   17 0012   20 0002   22 2222   24 0001   64 1211  144 0101  148 0101
    155 0001  160 0001  197 0101  227 0100  267 0001  322 0001  331 0001
    349 1000  358 1000  370 1110  372 2222  382 0001  434 0001  437 2222
    472 0100  550 0002  590 0001  605 0001  606 0010  674 0010  698 0001
    703 0001  722 0010  724 0001  768 0001  814 2222  842 2222  844 0002
    882 0001  889 0002  907 0001  944 0001  963 1001 1000 0002 1033 0001
   1038 2222 1067 0001 1071 0001 1076 0001 1091 0002 1093 0002 1188 0001
   1195 2222