QN 00065 
QU What are the abnormalities of pulmonary function in CF patients?
NR 00094
RD   17 0012   20 2121   22 0112   24 2122   64 2222   87 1002   93 0001
    132 0001  135 0001  144 2222  148 0102  155 2122  192 2220  194 2222
    197 0102  206 1211  211 2222  224 0100  227 0001  238 0001  267 0001
    297 0001  322 0001  323 0002  331 0011  341 0012  349 2112  358 1000
    368 2112  370 1212  372 2212  383 0001  386 0001  387 2122  388 2122
    437 2222  519 0001  539 0100  543 0001  546 0001  550 0002  578 2222
    587 0001  597 0002  599 0001  606 1111  611 0001  629 0001  653 0011
    674 2122  699 2111  722 1012  736 1121  763 0001  788 0001  803 0001
    814 1002  819 0100  821 1010  833 0001  842 2222  882 0001  885 2112
    886 2112  889 0001  904 2220  913 0001  963 0001  964 1210  990 0002
   1000 0002 1006 1000 1007 1220 1038 2222 1042 0001 1045 1012 1046 2221
   1048 0101 1067 1012 1073 2222 1092 0002 1093 0001 1099 1121 1149 0001
   1150 0001 1151 1122 1153 0001 1164 0001 1188 0001 1195 1122 1214 0001
   1232 0001 1234 0002 1237 2122