QN 00066 
QU What are the pathologic features of lung disease in CF patients?
NR 00063
RD    1 0001   10 0001   11 0001   13 0001   17 0012   22 0002   63 0100
    100 2210  148 0012  155 0001  160 0001  166 0001  187 0100  200 1101
    267 0001  322 2222  340 2110  348 2212  350 1012  370 2212  385 0001
    427 0001  429 2222  434 2212  446 1000  463 1220  498 1000  558 0011
    590 0001  605 0001  607 0010  630 0001  698 1102  722 0002  724 0002
    731 0001  736 0002  763 1002  767 0001  771 0010  788 1000  821 1011
    837 0100  882 0002  907 1000  912 1000  913 0001  944 1002  969 0100
    976 0100  980 0100  990 0002 1004 0100 1098 0001 1104 0001 1109 0001
   1134 0001 1155 2120 1192 2222 1194 0011 1195 0001 1214 0010 1226 0001