QN 00077 
QU What techniques are effective in promoting clearance of mucus from the
   lungs of CF patients?
NR 00082
RD   25 0101   27 2222   31 0010   50 0001   90 1212  128 0012  135 0101
    148 0001  168 0001  195 2221  197 0001  224 1122  226 0001  227 1220
    267 0001  297 0001  298 0001  321 0010  323 2222  326 0010  327 1212
    329 1012  330 0102  333 0001  359 2112  370 1112  428 0001  437 1222
    438 1222  542 1010  546 2222  550 0001  551 0001  558 0001  586 0001
    592 0110  629 2222  630 2221  663 0001  722 0002  724 0001  729 0001
    731 0002  734 2222  735 0002  754 2222  806 1000  826 0001  837 0001
    839 0001  843 2122  844 2122  845 0002  879 0001  882 0002  889 0002
    912 0001  937 0001  939 1112  941 0001  944 0002  963 1211  990 0002
   1006 2222 1012 2222 1023 0001 1034 2222 1035 2222 1040 0001 1080 0001
   1092 0002 1093 0002 1134 0001 1138 1122 1149 1112 1150 0112 1152 2122
   1153 2122 1188 0001 1220 2222 1232 0001 1234 1102