QN 00078 
QU What special considerations are there for treatment of CF patients with
   antibiotics (ie, are the pharmacodynamics of antibiotics different in
   CF patients, or are there other special problems peculiar to CF)?
NR 00077
RD   61 0112   65 0100   82 0001   90 0100   93 0100  135 0010  146 1002
    152 0011  159 1122  161 0010  179 0011  184 1000  188 0001  238 0100
    253 1211  255 2212  265 0001  282 0002  315 0100  320 2222  321 0100
    326 0100  330 0100  333 0100  359 0001  370 1011  373 2212  427 0101
    438 0102  451 0001  452 1122  459 1220  460 1000  479 0100  556 0101
    648 0010  663 0100  680 2222  686 1111  696 0001  718 0001  722 0001
    724 0001  731 0001  734 0001  753 0100  800 0010  802 2221  838 0100
    884 0001  889 0001  912 0100  944 0001  945 0100 1010 0011 1015 0001
   1019 0100 1021 2222 1042 0002 1065 0100 1069 0001 1071 0012 1078 0002
   1081 0011 1086 0002 1089 0002 1090 0002 1091 0112 1093 0002 1111 2222
   1112 0100 1118 0001 1179 0111 1180 0111 1181 2222 1227 1010 1234 0101