QN 00079 
QU What is the role of orally administered antibiotics in the treatment of
   CF patients?
NR 00043
RD   65 0100   75 1000  123 1121  132 0001  135 0101  146 0002  148 0001
    179 1000  184 1000  255 0100  315 0010  320 2220  330 0101  333 0001
    359 1011  370 1000  373 1210  384 2210  427 0100  438 1121  452 0100
    648 1211  650 2221  663 0100  826 1001  829 0001  838 0100  882 0001
    912 0100  923 1210  944 1001  945 2210 1000 0001 1010 1000 1023 0001
   1065 0100 1082 2120 1089 0001 1091 0101 1112 2222 1179 1100 1181 2222
   1234 1100