QN 00082 
QU What is the role of aerosols in the treatment of lung disease in CF
   patients?
NR 00062
RD   25 2222   31 0002   90 2222   93 2222  132 0001  135 2122  148 0001
    152 0002  159 1002  189 0001  195 0001  197 0001  238 0001  253 2112
    297 0001  321 2222  326 2222  327 1012  330 0001  331 0001  333 0001
    359 2112  370 1112  427 0001  438 2222  458 1010  542 2120  543 0012
    546 2122  550 0001  551 0001  586 0001  592 0010  722 0001  724 0001
    729 0001  731 0001  734 2122  826 1000  837 0001  845 0001  879 0001
    882 0001  889 0001  904 0001  912 0001  937 0001  941 0011  944 0101
    952 0001  963 2221  990 0001 1000 0001 1003 2220 1040 0001 1078 1000
   1092 0001 1150 0001 1188 0001 1227 0001 1232 0001 1234 1102