QN 00086 
QU What is the role of bacteria other than Pseudomonas aeruginosa,
   Staphylococcus aureus, or Haemophilus influenzae in the pathogenesis
   of lung disease in CF patients?
NR 00047
RD    8 2221   61 0002   85 0100  110 1211  135 0101  148 1212  152 1002
    160 0112  200 0001  238 0110  271 2212  330 0011  346 2111  370 1011
    384 1000  427 0001  505 0101  554 2222  555 0001  577 1000  586 0001
    590 2211  722 1011  731 0001  763 0101  769 1110  922 0001  944 0101
    945 0101  952 0001  983 2110  990 0002 1000 0101 1015 0001 1033 0001
   1071 0001 1077 0100 1086 0001 1090 0001 1091 0011 1112 0001 1118 0001
   1173 1100 1181 0001 1227 0001 1232 0001 1234 0001