QN 00091 
QU What are the unusual manifestations of CF (other than lung disease or
   exocrine pancreatic insufficiency)?
NR 00304
RD    1 0001    3 0002    4 0002    8 0001    9 0001   11 0101   13 0001
     15 0102   17 0101   21 0100   29 1211   30 0100   32 0001   33 0001
     40 0002   41 0001   45 0001   46 0101   50 0001   56 0001   57 2212
     58 1212   59 1211   60 0001   69 2111   78 0001   88 2221   92 0001
     94 0001   95 2222   97 2222   98 2211  100 0002  103 1012  105 1012
    109 1012  115 1002  116 1012  118 0002  119 1012  121 0001  122 0001
    124 0001  128 0001  134 0001  135 0001  139 1211  147 0001  163 0001
    166 0001  170 0001  173 0001  174 1211  181 0001  182 2222  183 2220
    186 2220  189 0010  199 0102  202 1120  204 1210  211 0100  226 0001
    237 0001  240 2220  241 0012  242 0001  243 0001  244 0001  248 0001
    250 2122  256 0001  259 0001  261 0001  263 0001  264 0001  265 0001
    266 2212  267 2222  268 0100  272 0001  274 0100  275 0001  276 0001
    278 0001  279 0001  281 0001  283 0001  286 0001  287 0001  294 2122
    297 1001  300 0100  301 0010  314 2210  317 1220  322 2221  331 0001
    333 0001  339 1111  348 0002  351 0110  352 0110  353 2122  354 0011
    355 0010  359 1011  361 0110  362 2122  364 2220  370 2212  376 2221
    381 2221  385 1221  392 0001  395 2121  396 2211  398 0011  405 0001
    412 0002  413 2222  416 0100  422 2221  423 1100  426 0001  428 0100
    431 0001  434 1002  443 1001  454 0100  455 0100  466 1210  468 2222
    473 0001  474 2120  475 2221  478 1120  485 0100  486 0012  489 0100
    508 0101  512 0011  538 0001  545 0110  549 0100  550 1212  551 0001
    552 2112  553 0001  559 0101  562 0001  579 2110  582 0001  586 0001
    594 1211  598 2121  601 0101  603 2012  611 1210  615 2121  626 0001
    641 1111  642 0100  643 0001  648 0001  659 0100  667 0001  673 0100
    682 2210  683 2210  684 1220  688 0100  690 0101  694 0100  695 1210
    700 2222  704 0001  714 0110  719 0001  720 0102  722 2222  724 0101
    725 0001  727 0001  728 2222  729 0001  731 0002  732 2222  733 2122
    735 0001  751 0002  752 1111  756 2222  759 2122  762 0001  763 2112
    764 1102  767 0001  768 0010  770 2222  771 0001  772 0102  773 0001
    779 0001  781 2122  782 0001  784 1102  787 2122  788 0001  791 1001
    794 1000  796 1220  797 2112  798 1100  799 1110  801 2122  803 2220
    808 2122  809 0001  822 2122  833 2112  834 0100  835 0100  836 1010
    838 0001  844 0002  854 0001  859 2122  866 0001  867 0001  868 0001
    870 2221  872 0102  875 0001  880 0001  882 0001  883 0100  888 1002
    893 2122  894 0001  896 0001  897 1000  900 1120  906 0001  913 0001
    914 1000  935 0011  941 1001  944 0001  947 0001  965 2122  974 2221
    982 1001  985 1122  990 1002  992 0001  993 0001  997 2222  998 2212
   1000 2122 1018 2122 1019 0002 1023 0001 1033 0001 1040 0001 1041 0001
   1043 0002 1047 0002 1051 0001 1054 0002 1056 0002 1057 0002 1058 0002
   1063 0001 1080 0002 1085 0001 1091 0001 1093 0002 1095 2222 1097 2220
   1098 1221 1103 1000 1106 0100 1107 0100 1108 0100 1115 0001 1116 0001
   1118 2212 1119 0002 1125 1210 1134 0100 1177 2122 1184 2221 1186 0001
   1189 2222 1191 0101 1192 0001 1216 2222 1217 2222 1219 2222 1226 2222
   1232 0001 1234 1001 1235 0102