QN 00092 
QU What is the prognosis for survival of patients with CF?
NR 00108
RD   17 0001   43 0001  111 0001  130 1000  135 1102  136 0001  148 0002
    181 0001  185 1000  189 0001  193 1000  200 0001  213 2111  226 0012
    238 1012  258 2222  333 1002  342 0100  354 2110  370 1102  377 1010
    392 0001  429 0001  434 0100  446 0001  465 0011  472 2222  473 2221
    479 0100  489 1121  492 0001  503 0001  510 0001  514 1010  550 1100
    559 0011  586 0002  596 0001  599 2111  607 0001  611 2110  643 0001
    653 0001  661 2222  671 1000  687 1000  692 0010  705 2210  722 2222
    724 1111  729 0001  731 0002  735 0001  763 1001  764 1001  767 0001
    778 1011  783 2122  788 0100  804 0001  806 0001  822 0100  824 0001
    826 0010  837 0001  838 0001  839 0001  842 2111  845 0002  856 0001
    858 0011  859 0001  879 1122  883 0001  888 0001  889 0001  908 0100
    910 1100  914 1210  915 0100  926 0100  930 0101  934 1110  940 0001
    941 1001  944 0001  946 0001  952 2222  990 1002 1000 2122 1014 0001
   1023 0002 1031 0100 1033 1111 1040 0001 1066 0001 1071 0001 1093 0002
   1147 2222 1151 0001 1186 0001 1188 0001 1192 1100 1195 2122 1226 0001
   1227 0001 1232 1121 1234 2122